trucks_count 3
drones_count 2
customers 50
depot 30 40
Coordinate X         Coordinate Y         Dronable Demand
37                   52                   1        7
49                   49                   1        30
52                   64                   1        16
20                   26                   1        9
40                   30                   1        21
21                   47                   1        15
17                   63                   1        19
31                   62                   1        23
52                   33                   1        11
51                   21                   1        5
42                   41                   1        19
31                   32                   1        29
5                    25                   1        23
12                   42                   1        21
36                   16                   1        10
52                   41                   1        15
27                   23                   1        3
17                   33                   1        41
13                   13                   1        9
57                   58                   1        28
62                   42                   1        8
42                   57                   1        8
16                   57                   1        16
8                    52                   1        10
7                    38                   1        28
27                   68                   1        7
30                   48                   1        15
43                   67                   1        14
58                   48                   1        6
58                   27                   1        19
37                   69                   1        11
38                   46                   1        12
46                   10                   1        23
61                   33                   1        26
62                   63                   1        17
63                   69                   1        6
32                   22                   1        9
45                   35                   1        15
59                   15                   1        14
5                    6                    1        7
10                   17                   1        27
21                   10                   1        13
5                    64                   1        11
30                   15                   1        16
39                   10                   1        10
32                   39                   1        5
25                   32                   1        25
25                   55                   1        17
48                   28                   1        18
56                   37                   1        10
